 &plot nbnd=  16, nks=    14 /
            0.000000  0.000000  0.000000
  -14.117  -14.033   -2.588   -1.740    2.370    2.370    2.374    2.374    8.823   13.029
   13.760   13.760   13.772   13.772   16.817   16.873
            0.000000  0.000000 -0.158020
  -14.075  -14.075   -2.190   -2.190    2.372    2.372    2.372    2.372   10.483   10.483
   13.766   13.766   13.766   13.766   16.844   16.844
            0.000000  0.192450  0.000000
  -13.462  -13.382   -1.797   -0.976    0.080    0.094    1.237    1.245    9.664   13.744
   13.744   13.813   14.719   14.869   16.292   16.304
            0.000000  0.192450 -0.158020
  -13.423  -13.423   -1.411   -1.411    0.087    0.087    1.241    1.241   11.280   11.280
   13.793   13.793   14.786   14.786   16.298   16.298
            0.000000  0.384900  0.000000
  -11.531  -11.462   -4.225   -4.192   -0.378   -0.367    0.468    1.181   10.185   10.532
   12.157   13.115   13.250   15.936   21.650   21.663
            0.000000  0.384900 -0.158020
  -11.497  -11.497   -4.209   -4.209   -0.372   -0.372    0.806    0.806   10.335   10.335
   13.102   13.102   13.801   13.801   21.656   21.656
            0.000000 -0.577350  0.000000
   -8.857   -8.828   -7.821   -7.798   -1.014   -1.003    2.928    3.202    6.978    7.320
   12.775   12.893   16.194   16.334   18.590   19.349
            0.000000 -0.577350 -0.158020
   -8.842   -8.842   -7.810   -7.810   -1.008   -1.008    3.073    3.073    7.107    7.107
   12.834   12.834   17.210   17.210   17.752   17.752
            0.166667  0.288675  0.000000
  -12.169  -12.097   -2.353   -2.340   -1.005   -0.996   -0.258    0.499   11.347   11.725
   11.892   15.070   15.397   15.518   16.938   17.002
            0.166667  0.288675 -0.158020
  -12.133  -12.133   -2.347   -2.347   -1.001   -1.001    0.100    0.100   11.807   11.807
   12.851   12.851   15.490   15.490   16.967   16.967
            0.166667  0.481125  0.000000
   -9.682   -9.625   -5.997   -5.961   -2.643   -2.622    2.510    3.064    7.811    8.114
   14.618   15.367   15.588   16.819   18.482   18.568
            0.166667  0.481125 -0.158020
   -9.654   -9.654   -5.979   -5.979   -2.632   -2.632    2.778    2.778    7.951    7.951
   15.370   15.370   15.771   15.771   18.803   18.803
            0.333333  0.577350  0.000000
   -7.190   -7.166   -7.166   -7.143   -5.138   -5.138    5.188    5.432    5.432    5.697
   16.211   16.211   17.593   17.883   17.883   19.852
            0.333333  0.577350 -0.158020
   -7.167   -7.167   -7.166   -7.166   -5.138   -5.138    5.433    5.433    5.437    5.437
   15.773   15.773   18.628   18.628   19.545   19.545
